1 0.7875 0.276953125 0.03125 0.05390625
1 0.81640625 0.275 0.0359375 0.0625
1 0.280859375 0.401171875 0.03984375 0.05859375
1 0.312109375 0.40390625 0.03671875 0.0609375
1 0.350390625 0.401953125 0.03515625 0.05703125
1 0.71015625 0.38984375 0.0359375 0.0734375
1 0.7734375 0.3921875 0.0375 0.075
1 0.176171875 0.461328125 0.03671875 0.07890625
1 0.232421875 0.458984375 0.03984375 0.08359375
1 0.290234375 0.465234375 0.03671875 0.08046875
1 0.36796875 0.466796875 0.0421875 0.08359375
1 0.3953125 0.46875 0.0375 0.078125
1 0.428125 0.463671875 0.0375 0.08359375
1 0.48984375 0.46875 0.0328125 0.075
1 0.51953125 0.468359375 0.0328125 0.07109375
1 0.583203125 0.466796875 0.03203125 0.07109375
1 0.646875 0.4640625 0.03125 0.071875
1 0.74609375 0.46640625 0.0328125 0.0734375
1 0.77890625 0.46328125 0.0390625 0.0734375
1 0.812890625 0.465234375 0.03515625 0.06796875
1 0.12265625 0.615234375 0.0453125 0.08359375
1 0.15234375 0.61875 0.0453125 0.078125
1 0.187890625 0.619140625 0.04453125 0.07890625
1 0.25234375 0.621875 0.0421875 0.075
1 0.30234375 0.618359375 0.0390625 0.07109375
1 0.3375 0.6171875 0.040625 0.078125
1 0.37265625 0.6203125 0.0484375 0.084375
1 0.405078125 0.620703125 0.04140625 0.07890625
1 0.439453125 0.623046875 0.04140625 0.08046875
1 0.505859375 0.625 0.03671875 0.0875
1 0.5421875 0.621875 0.0375 0.078125
1 0.57890625 0.62265625 0.0359375 0.0859375
1 0.61484375 0.620703125 0.0359375 0.08203125
1 0.651171875 0.625390625 0.03671875 0.08203125
1 0.689453125 0.627734375 0.04140625 0.08359375
1 0.72734375 0.625390625 0.0421875 0.08203125
1 0.7640625 0.62578125 0.040625 0.0890625
1 0.801953125 0.628515625 0.04453125 0.09140625
1 0.87578125 0.621875 0.0484375 0.0875
1 0.094921875 0.7375 0.05546875 0.084375
1 0.13828125 0.73984375 0.0546875 0.0859375
1 0.1765625 0.73984375 0.059375 0.0890625
1 0.219140625 0.737109375 0.05390625 0.09296875
1 0.2578125 0.7375 0.053125 0.0875
1 0.299609375 0.734765625 0.05234375 0.07890625
1 0.429296875 0.741015625 0.04921875 0.08203125
