1 0.31171875 0.289453125 0.0359375 0.06640625
1 0.37734375 0.28828125 0.0328125 0.0640625
1 0.430078125 0.29140625 0.02578125 0.0640625
1 0.50625 0.286328125 0.025 0.05390625
1 0.643359375 0.281640625 0.02734375 0.05390625
1 0.7609375 0.278125 0.028125 0.0625
1 0.312109375 0.40390625 0.03671875 0.0609375
1 0.375390625 0.40234375 0.03515625 0.0609375
1 0.466015625 0.396875 0.03515625 0.0625
1 0.55390625 0.394921875 0.0296875 0.06796875
1 0.6140625 0.39296875 0.034375 0.0640625
1 0.6796875 0.39453125 0.03125 0.0734375
1 0.71015625 0.38984375 0.0359375 0.0734375
1 0.232421875 0.458984375 0.03984375 0.08359375
1 0.2609375 0.467578125 0.040625 0.07890625
1 0.335546875 0.46875 0.03046875 0.084375
1 0.3953125 0.46875 0.0375 0.078125
1 0.48984375 0.46875 0.0328125 0.075
1 0.51953125 0.468359375 0.0328125 0.07109375
1 0.614453125 0.4671875 0.02890625 0.071875
1 0.646875 0.4640625 0.03125 0.071875
1 0.71171875 0.466015625 0.0359375 0.06640625
1 0.74609375 0.46640625 0.0328125 0.0734375
1 0.77890625 0.46328125 0.0390625 0.0734375
1 0.812890625 0.465234375 0.03515625 0.06796875
1 0.15234375 0.61875 0.0453125 0.078125
1 0.25234375 0.621875 0.0421875 0.075
1 0.30234375 0.618359375 0.0390625 0.07109375
1 0.3375 0.6171875 0.040625 0.078125
1 0.37265625 0.6203125 0.0484375 0.084375
1 0.405078125 0.620703125 0.04140625 0.07890625
1 0.651171875 0.625390625 0.03671875 0.08203125
1 0.689453125 0.627734375 0.04140625 0.08359375
1 0.837890625 0.62421875 0.04140625 0.0890625
1 0.87578125 0.621875 0.0484375 0.0875
1 0.13828125 0.73984375 0.0546875 0.0859375
1 0.1765625 0.73984375 0.059375 0.0890625
1 0.470703125 0.74453125 0.04140625 0.0859375
