1 0.259765625 0.291015625 0.03515625 0.06640625
1 0.31171875 0.289453125 0.0359375 0.06640625
1 0.37734375 0.28828125 0.0328125 0.0640625
1 0.48125 0.28984375 0.028125 0.0609375
1 0.50625 0.286328125 0.025 0.05390625
1 0.5609375 0.2828125 0.025 0.053125
1 0.701171875 0.27890625 0.02734375 0.0515625
1 0.223828125 0.4 0.04140625 0.0625
1 0.350390625 0.401953125 0.03515625 0.05703125
1 0.408984375 0.396484375 0.03359375 0.05859375
1 0.466015625 0.396875 0.03515625 0.0625
1 0.521875 0.396875 0.03125 0.059375
1 0.6140625 0.39296875 0.034375 0.0640625
1 0.205078125 0.463671875 0.04453125 0.08046875
1 0.232421875 0.458984375 0.03984375 0.08359375
1 0.290234375 0.465234375 0.03671875 0.08046875
1 0.428125 0.463671875 0.0375 0.08359375
1 0.455859375 0.46875 0.03046875 0.075
1 0.55234375 0.465234375 0.0265625 0.07109375
1 0.646875 0.4640625 0.03125 0.071875
1 0.74609375 0.46640625 0.0328125 0.0734375
1 0.84921875 0.459375 0.0421875 0.075
1 0.12265625 0.615234375 0.0453125 0.08359375
1 0.187890625 0.619140625 0.04453125 0.07890625
1 0.25234375 0.621875 0.0421875 0.075
1 0.30234375 0.618359375 0.0390625 0.07109375
1 0.3375 0.6171875 0.040625 0.078125
1 0.47109375 0.621484375 0.0359375 0.08046875
1 0.651171875 0.625390625 0.03671875 0.08203125
1 0.801953125 0.628515625 0.04453125 0.09140625
1 0.87578125 0.621875 0.0484375 0.0875
1 0.344921875 0.739453125 0.05234375 0.07890625
