1 0.176171875 0.461328125 0.03671875 0.07890625
1 0.232421875 0.458984375 0.03984375 0.08359375
1 0.2609375 0.467578125 0.040625 0.07890625
1 0.290234375 0.465234375 0.03671875 0.08046875
1 0.36796875 0.466796875 0.0421875 0.08359375
1 0.15234375 0.61875 0.0453125 0.078125
1 0.219140625 0.6171875 0.04140625 0.078125
1 0.25234375 0.621875 0.0421875 0.075
1 0.30234375 0.618359375 0.0390625 0.07109375
1 0.37265625 0.6203125 0.0484375 0.084375
1 0.439453125 0.623046875 0.04140625 0.08046875
1 0.47109375 0.621484375 0.0359375 0.08046875
1 0.505859375 0.625 0.03671875 0.0875
1 0.57890625 0.62265625 0.0359375 0.0859375
1 0.7640625 0.62578125 0.040625 0.0890625
1 0.87578125 0.621875 0.0484375 0.0875
