1 0.259765625 0.291015625 0.03515625 0.06640625
1 0.45546875 0.28828125 0.0265625 0.0640625
1 0.53359375 0.286328125 0.0265625 0.05703125
1 0.701171875 0.27890625 0.02734375 0.0515625
1 0.730859375 0.280859375 0.03046875 0.05546875
1 0.7609375 0.278125 0.028125 0.0625
1 0.7875 0.276953125 0.03125 0.05390625
1 0.350390625 0.401953125 0.03515625 0.05703125
1 0.375390625 0.40234375 0.03515625 0.0609375
1 0.466015625 0.396875 0.03515625 0.0625
1 0.521875 0.396875 0.03125 0.059375
1 0.646484375 0.3890625 0.03046875 0.071875
1 0.6796875 0.39453125 0.03125 0.0734375
1 0.2609375 0.467578125 0.040625 0.07890625
1 0.290234375 0.465234375 0.03671875 0.08046875
1 0.335546875 0.46875 0.03046875 0.084375
1 0.36796875 0.466796875 0.0421875 0.08359375
1 0.3953125 0.46875 0.0375 0.078125
1 0.583203125 0.466796875 0.03203125 0.07109375
1 0.614453125 0.4671875 0.02890625 0.071875
1 0.646875 0.4640625 0.03125 0.071875
1 0.68125 0.466796875 0.03125 0.07109375
1 0.74609375 0.46640625 0.0328125 0.0734375
1 0.77890625 0.46328125 0.0390625 0.0734375
1 0.812890625 0.465234375 0.03515625 0.06796875
1 0.12265625 0.615234375 0.0453125 0.08359375
1 0.15234375 0.61875 0.0453125 0.078125
1 0.187890625 0.619140625 0.04453125 0.07890625
1 0.219140625 0.6171875 0.04140625 0.078125
1 0.25234375 0.621875 0.0421875 0.075
1 0.30234375 0.618359375 0.0390625 0.07109375
1 0.3375 0.6171875 0.040625 0.078125
1 0.405078125 0.620703125 0.04140625 0.07890625
1 0.505859375 0.625 0.03671875 0.0875
1 0.61484375 0.620703125 0.0359375 0.08203125
1 0.651171875 0.625390625 0.03671875 0.08203125
1 0.689453125 0.627734375 0.04140625 0.08359375
1 0.87578125 0.621875 0.0484375 0.0875
1 0.059375 0.734375 0.053125 0.075
1 0.1765625 0.73984375 0.059375 0.0890625
