1 0.23515625 0.2890625 0.0359375 0.0625
1 0.285546875 0.291015625 0.03359375 0.06640625
1 0.335546875 0.290625 0.03359375 0.0625
1 0.37734375 0.28828125 0.0328125 0.0640625
1 0.45546875 0.28828125 0.0265625 0.0640625
1 0.19765625 0.4015625 0.0421875 0.059375
1 0.250390625 0.40234375 0.03828125 0.0640625
1 0.280859375 0.401171875 0.03984375 0.05859375
1 0.312109375 0.40390625 0.03671875 0.0609375
1 0.350390625 0.401953125 0.03515625 0.05703125
1 0.408984375 0.396484375 0.03359375 0.05859375
1 0.466015625 0.396875 0.03515625 0.0625
1 0.205078125 0.463671875 0.04453125 0.08046875
1 0.2609375 0.467578125 0.040625 0.07890625
1 0.290234375 0.465234375 0.03671875 0.08046875
1 0.335546875 0.46875 0.03046875 0.084375
1 0.36796875 0.466796875 0.0421875 0.08359375
1 0.3953125 0.46875 0.0375 0.078125
1 0.428125 0.463671875 0.0375 0.08359375
1 0.84921875 0.459375 0.0421875 0.075
1 0.15234375 0.61875 0.0453125 0.078125
1 0.187890625 0.619140625 0.04453125 0.07890625
1 0.25234375 0.621875 0.0421875 0.075
1 0.30234375 0.618359375 0.0390625 0.07109375
1 0.3375 0.6171875 0.040625 0.078125
1 0.37265625 0.6203125 0.0484375 0.084375
1 0.405078125 0.620703125 0.04140625 0.07890625
1 0.47109375 0.621484375 0.0359375 0.08046875
1 0.505859375 0.625 0.03671875 0.0875
1 0.57890625 0.62265625 0.0359375 0.0859375
1 0.689453125 0.627734375 0.04140625 0.08359375
1 0.72734375 0.625390625 0.0421875 0.08203125
