1 0.285546875 0.291015625 0.03359375 0.06640625
1 0.335546875 0.290625 0.03359375 0.0625
1 0.81640625 0.275 0.0359375 0.0625
1 0.312109375 0.40390625 0.03671875 0.0609375
1 0.408984375 0.396484375 0.03359375 0.05859375
1 0.176171875 0.461328125 0.03671875 0.07890625
1 0.290234375 0.465234375 0.03671875 0.08046875
1 0.335546875 0.46875 0.03046875 0.084375
1 0.36796875 0.466796875 0.0421875 0.08359375
1 0.428125 0.463671875 0.0375 0.08359375
1 0.187890625 0.619140625 0.04453125 0.07890625
1 0.219140625 0.6171875 0.04140625 0.078125
1 0.25234375 0.621875 0.0421875 0.075
1 0.30234375 0.618359375 0.0390625 0.07109375
1 0.3375 0.6171875 0.040625 0.078125
1 0.87578125 0.621875 0.0484375 0.0875
